0	394	0	0	0	0	265	988	523	497
414	940	802	849	0	0	488	366	597	0
929	223	516	0	0	0	0	0	633	0
0	0	0	0	829	616	0	150	0	101
0	75	920	0	700	338	483	0	103	0
0	323	625	655	0	0	0	0	488	453
0	0	0	0	0	940	561	937	14	95
736	0	408	0	0	0	0	0	1	626
0	0	888	0	249	747	333	0	891	64
0	939	581	227	0	0	0	145	0	0

458	0	0	327	0	520	0	0	0	308
564	0	0	127	560	0	834	944	0	0
986	0	617	0	0	294	0	93	0	817
0	324	0	247	0	188	193	841	191	33
627	672	266	487	70	91	0	775	0	897
0	0	39	0	0	919	0	945	849	0
699	0	857	0	0	282	0	0	241	869
0	916	0	0	0	972	0	0	281	0
504	676	0	717	0	812	0	0	332	0
0	0	601	0	343	0	194	0	0	749
